0


9

-4.000000 -9.000000
0.110000 0.300000 0.000000 1.000000
-5.800000 -8.000000
0.050000 0.000000 0.000000 1.000000
-5.400000 -3.200000
0.500000 0.300000 1.000000 0.500000
-5.000000 -7.000000
0.000000 0.400000 0.000000 1.000000
-2.100000 -5.100000
0.600000 0.600000 0.600000 1.000000
-7.000000 -2.000000
0.000000 0.000000 0.000000 1.000000
-2.100000 -5.100000
1.000000 0.000000 0.000000 0.000000
-5.800000 -5.900000
0.000000 0.000000 1.000000 1.000000
-4.400000 -3.200000
1.000000 0.000000 0.000000 0.000000

4

-5.800000 -5.900000
0.000000 0.000000 0.000000 0.000000
-12.000000 -4.000000
0.000000 0.000000 0.000000 0.000000
-4.000000 -9.000000
0.000000 0.000000 0.000000 0.000000
-4.400000 -5.200000
1.000000 1.000000 1.000000 1.000000

2.000000
10.000000
0.850000
1.110000
0.000000



1

9

3.000000 3.000000
0.110000 0.300000 0.000000 1.000000
-2.800000 4.000000
0.050000 0.000000 0.000000 1.000000
1.600000 8.800000
0.500000 0.300000 0.000000 0.500000
2.000000 5.000000
0.000000 0.400000 0.000000 1.000000
4.900000 6.900000
0.600000 0.600000 0.600000 1.000000
-8.000000 10.000000
0.000000 0.000000 0.000000 1.000000
4.900000 6.900000
1.000000 0.000000 0.000000 0.000000
1.200000 6.100000
1.000000 0.000000 0.000000 1.000000
2.600000 8.800000
1.000000 0.000000 0.000000 0.000000

4

1.200000 6.100000
0.000000 0.000000 0.000000 0.000000
-5.000000 8.000000
0.000000 0.000000 0.000000 0.000000
3.000000 3.000000
0.000000 0.000000 0.000000 0.000000
1.600000 8.800000
1.000000 0.000000 0.000000 1.000000

2.000000
10.000000
0.850000
1.110000
2.000000

