0


9

0.000000 3.000000
1.000000 0.000000 0.000000 1.000000
-0.800000 8.000000
1.000000 0.000000 0.000000 0.000000
2.600000 11.800000
0.000000 0.000000 0.000000 1.000000
2.000000 7.000000
1.000000 1.000000 0.000000 0.000000
1.900000 3.900000
1.000000 1.000000 0.000000 1.000000
5.000000 10.000000
0.000000 0.000000 0.000000 1.000000
4.900000 10.900000
1.000000 0.000000 0.000000 0.000000
0.200000 2.100000
1.000000 1.000000 0.000000 1.000000
0.600000 10.800000
1.000000 0.000000 0.000000 0.000000

4

3.200000 8.100000
0.000000 0.000000 1.000000 1.000000
0.000000 11.000000
1.000000 0.000000 0.000000 0.000000
2.000000 1.000000
0.000000 0.000000 1.000000 1.000000
4.600000 10.800000
1.000000 0.000000 0.000000 0.000000

2.000000
10.000000
1.000000
1.000000
0.5000000




1

9

-2.000000 6.000000
1.000000 0.000000 0.000000 1.000000
-0.800000 14.000000
0.000000 0.000000 0.000000 1.000000
1.600000 15.800000
1.000000 1.000000 0.000000 1.000000
-3.000000 16.000000
1.000000 0.900000 0.000000 0.400000
1.900000 2.900000
1.000000 0.100000 0.000000 1.000000
2.000000 13.000000
0.000000 0.000000 0.000000 1.000000
-2.100000 12.900000
1.000000 0.000000 0.000000 1.000000
0.200000 4.100000
1.000000 1.000000 0.000000 1.000000
-0.400000 16.800000
1.000000 0.000000 0.000000 0.000000

4

4.200000 11.100000
1.000000 1.000000 1.000000 1.000000
-3.000000 16.000000
0.000000 0.000000 0.000000 0.000000
2.000000 11.000000
1.000000 1.000000 1.000000 1.000000
0.600000 -3.200000
0.000000 0.000000 0.000000 0.300000

2.000000
8.000000
1.000000
1.000000
1.000000




