0
33

7.000000 15.000000
0.000000 0.000000 0.000000 1.000000
4.000000 8.000000
1.000000 0.000000 0.000000 1.000000
6.000000 9.000000
0.000000 0.000000 0.000000 1.000000
7.000000 15.000000
0.000000 0.000000 0.000000 1.000000
3.300000 11.000000
0.000000 0.000000 0.000000 1.000000
4.000000 8.000000
1.000000 0.000000 0.000000 1.000000
2.700000 9.000000
0.000000 0.000000 0.000000 1.000000
3.000000 14.000000
0.000000 0.000000 0.000000 1.000000
1.000000 6.000000
1.000000 0.000000 0.000000 1.000000
1.000000 6.000000
1.000000 0.000000 0.000000 1.000000
1.000000 10.000000
0.000000 0.000000 0.000000 1.000000
3.000000 14.000000
0.000000 0.000000 0.000000 1.000000
11.000000 11.000000
1.000000 0.000000 0.000000 1.000000
8.000000 8.000000
1.000000 0.000000 0.000000 1.000000
5.000000 7.000000
1.000000 0.000000 0.000000 0.000000
7.000000 10.000000
1.000000 0.000000 0.000000 1.000000
5.000000 7.000000
1.000000 0.000000 0.000000 0.000000
11.000000 11.000000
1.000000 0.000000 0.000000 1.000000
3.000000 7.000000
1.000000 0.000000 0.000000 1.000000
2.000000 4.000000
1.000000 0.000000 0.000000 1.000000
0.000000 2.000000
1.000000 0.000000 0.000000 0.000000
3.000000 7.000000
1.000000 0.000000 0.000000 1.000000
1.000000 5.000000
1.000000 0.000000 0.000000 1.000000
0.000000 2.000000
1.000000 0.000000 0.000000 0.000000
-1.000000 8.000000
1.000000 0.400000 0.000000 1.000000
-4.000000 13.000000
0.000000 0.000000 0.000000 1.000000
-1.000000 2.000000
1.000000 1.000000 0.000000 1.000000
-2.000000 4.000000
1.000000 0.400000 0.000000 1.000000
-4.000000 13.000000
0.000000 0.000000 0.000000 1.000000
-1.000000 2.000000
1.000000 1.000000 0.000000 1.000000
-6.000000 17.000000
1.000000 1.000000 0.000000 1.000000
-7.000000 17.000000
1.000000 1.000000 0.000000 1.000000
-1.000000 1.000000
1.000000 0.000000 0.000000 0.000000

8

-2.000000 5.000000
0.000000 0.000000 0.000000 0.000000
-7.000000 14.000000
1.000000 0.900000 0.000000 1.000000
-3.000000 4.000000
0.000000 0.000000 0.000000 0.000000
-12.000000 9.000000
1.000000 0.900000 0.000000 1.000000
-1.000000 2.000000
0.000000 0.000000 0.000000 0.000000
2.000000 15.000000
1.000000 0.900000 0.000000 1.000000
-1.000000 6.000000
0.000000 0.000000 0.000000 0.000000
-2.000000 17.000000
1.000000 0.900000 0.000000 1.000000

2.000000
4.000000
1.000000
1.000000
1.000000




1
33

-3.000000 18.000000
0.000000 0.000000 0.000000 1.000000
-3.000000 13.000000
1.000000 0.000000 0.000000 1.000000
-2.000000 11.000000
0.000000 0.000000 0.000000 1.000000
-3.000000 18.000000
0.000000 0.000000 0.000000 1.000000
-3.700000 12.000000
0.000000 0.000000 0.000000 1.000000
-3.000000 13.000000
1.000000 0.000000 0.000000 1.000000
-1.300000 9.000000
0.000000 0.000000 0.000000 1.000000
-3.000000 12.000000
0.000000 0.000000 0.000000 0.000000
-3.000000 10.000000
1.000000 0.000000 0.000000 1.000000
-3.000000 10.000000
1.000000 0.000000 0.000000 1.000000
-5.000000 10.000000
0.000000 0.000000 0.000000 1.000000
-3.000000 12.000000
0.000000 0.000000 0.000000 0.000000
-3.000000 9.000000
1.000000 0.000000 0.000000 1.000000
-2.000000 7.000000
1.000000 1.000000 1.000000 1.000000
-3.000000 8.000000
0.000000 0.000000 0.000000 1.000000
-4.000000 8.000000
1.000000 1.000000 1.000000 1.000000
-3.000000 8.000000
0.000000 0.000000 0.000000 1.000000
-3.000000 9.000000
1.000000 0.000000 0.000000 1.000000
-7.000000 10.000000
1.000000 0.000000 0.000000 1.000000
-4.000000 7.000000
1.000000 1.000000 1.000000 0.000000
-6.000000 8.000000
0.000000 0.000000 0.000000 1.000000
-7.000000 10.000000
1.000000 0.000000 0.000000 1.000000
-7.000000 6.000000
1.000000 1.000000 1.000000 1.000000
-6.000000 8.000000
0.000000 0.000000 0.000000 1.000000
0.000000 3.000000
1.000000 0.000000 0.000000 0.000000
2.000000 14.000000
1.000000 1.000000 0.000000 1.000000
0.000000 8.000000
1.000000 0.000000 0.000000 1.000000
-3.000000 4.000000
1.000000 0.000000 0.000000 0.000000
2.000000 14.000000
1.000000 1.000000 0.000000 1.000000
0.000000 8.000000
1.000000 0.000000 0.000000 1.000000
-3.000000 6.000000
1.000000 0.000000 0.000000 1.000000
-4.000000 4.000000
1.000000 0.000000 0.000000 0.000000
-1.000000 0.000000
1.000000 1.000000 0.000000 1.000000

8

-3.000000 1.000000
0.000000 0.000000 0.000000 1.000000
-5.000000 1.000000
1.000000 0.500000 0.000000 1.000000
-2.000000 0.000000
0.000000 0.000000 0.000000 0.000000
-1.000000 2.000000
0.000000 0.000000 0.000000 1.000000
1.000000 1.000000
1.000000 0.000000 0.000000 1.000000
-1.000000 4.000000
0.000000 0.000000 0.000000 1.000000
-2.000000 1.000000
0.000000 0.000000 0.000000 1.000000
-3.000000 5.000000
1.000000 1.000000 0.000000 1.000000

2.000000
7.000000
1.000000
1.000000
0.20000




