0

6

1.000000 0.000000
1.000000 0.000000 0.000000 1.000000
0.000000 -1.000000
1.000000 0.000000 0.000000 1.000000
0.000000 1.000000
0.000000 0.000000 0.000000 1.000000
0.000000 -1.000000
1.000000 0.000000 0.000000 1.000000
0.000000 1.000000
0.000000 0.000000 0.000000 1.000000
-1.000000 0.000000
1.000000 0.000000 0.000000 1.000000

4

-1.000000 1.000000
0.000000 0.000000 0.000000 0.000000
0.000000 -2.000000
0.000000 0.000000 0.000000 1.000000
1.000000 1.000000
0.000000 0.000000 0.000000 0.000000
0.000000 0.000000
1.000000 1.000000 1.000000 1.000000

2.000000
0.000000
1.000000
1.000000
0.000000




1

6

2.000000 0.000000
1.000000 0.000000 0.000000 1.000000
1.000000 -2.000000
1.000000 1.000000 1.000000 1.000000
1.000000 2.000000
0.000000 0.000000 0.000000 1.000000
-1.000000 -2.000000
1.000000 1.000000 1.000000 1.000000
-1.000000 2.000000
0.000000 0.000000 0.000000 1.000000
-2.000000 0.000000
1.000000 0.000000 0.000000 1.000000

4

-2.000000 0.000000
1.000000 1.000000 1.000000 1.000000
0.000000 -1.000000
0.000000 0.000000 0.000000 1.000000
2.000000 0.000000
1.000000 1.000000 1.000000 1.000000
0.000000 1.000000
1.000000 0.000000 0.000000 1.000000

2.000000
0.000000
1.000000
1.000000
3.000000
