0

33

3.000000 2.000000
0.000000 0.700000 0.000000 1.000000
2.000000 1.000000
0.000000 0.400000 0.000000 1.000000
2.000000 -1.000000
0.000000 0.300000 0.000000 1.000000
3.000000 2.000000
0.000000 0.700000 0.000000 1.000000
0.000000 3.000000
0.000000 0.300000 0.000000 1.000000
2.000000 1.000000
0.000000 0.400000 0.000000 1.000000
0.000000 3.000000
0.000000 0.300000 0.000000 1.000000
-3.000000 2.000000
0.000000 0.700000 0.000000 1.000000
-2.000000 1.000000
0.000000 0.400000 0.000000 1.000000
-2.000000 1.000000
0.000000 0.400000 0.000000 1.000000
-2.000000 -1.000000
0.000000 0.300000 0.000000 1.000000
-3.000000 2.000000
0.000000 0.700000 0.000000 1.000000
2.000000 1.000000
0.400000 0.800000 0.000000 1.000000
2.000000 -1.000000
0.400000 0.800000 0.000000 1.000000
0.000000 1.000000
0.000000 0.300000 0.200000 0.000000
0.000000 3.000000
0.000000 0.500000 0.000000 1.000000
0.000000 1.000000
0.000000 0.300000 0.200000 0.000000
2.000000 1.000000
0.400000 0.800000 0.000000 1.000000
-2.000000 1.000000
0.400000 0.800000 0.000000 1.000000
0.000000 3.000000
0.000000 0.500000 0.000000 1.000000
0.000000 1.000000
0.000000 0.300000 0.200000 0.000000
-2.000000 1.000000
0.400000 0.800000 0.000000 1.000000
-2.000000 -1.000000
0.400000 0.800000 0.000000 1.000000
0.000000 1.000000
0.000000 0.300000 0.200000 0.000000
2.000000 -1.000000
0.000000 0.800000 0.500000 1.000000
0.000000 1.000000
0.000000 0.300000 0.200000 0.000000
0.000000 -2.000000
0.000000 0.700000 0.200000 1.000000
-2.000000 -1.000000
0.000000 0.800000 0.500000 1.000000
0.000000 1.000000
0.000000 0.300000 0.200000 0.000000
0.000000 -2.000000
0.000000 0.700000 0.200000 1.000000
1.000000 -1.000000
0.600000 0.800000 0.000000 1.000000
-1.000000 -1.000000
0.600000 0.800000 0.000000 1.000000
0.000000 0.000000
0.000000 0.600000 0.000000 1.000000

8

-2.000000 -1.000000
0.000000 0.000000 0.000000 1.000000
-2.000000 -1.000000
0.000000 0.000000 0.000000 1.000000
0.000000 -2.000000
0.000000 0.000000 0.000000 1.000000
2.000000 -1.000000
0.000000 0.000000 0.000000 1.000000
2.000000 -1.000000
0.000000 0.000000 0.000000 1.000000
3.000000 2.000000
0.000000 0.000000 0.000000 1.000000
0.000000 3.000000
0.000000 0.000000 0.000000 1.000000
-3.000000 2.000000
0.000000 0.000000 0.000000 1.000000

2.000000
0.000000
1.000000
1.000000
0.000000



1

33

3.000000 -1.000000
0.000000 0.700000 0.000000 1.000000
1.000000 -1.000000
0.600000 0.800000 0.000000 1.000000
1.000000 -3.000000
0.000000 0.300000 0.000000 1.000000
3.000000 -1.000000
0.000000 0.700000 0.000000 1.000000
0.000000 3.000000
0.000000 0.500000 0.000000 0.000000
1.000000 -1.000000
0.600000 0.800000 0.000000 1.000000
0.000000 3.000000
0.000000 0.500000 0.000000 0.000000
-3.000000 -1.000000
0.000000 0.700000 0.000000 1.000000
-1.000000 -1.000000
0.600000 0.800000 0.000000 1.000000
-1.000000 -1.000000
0.600000 0.800000 0.000000 1.000000
-1.000000 -3.000000
0.000000 0.300000 0.000000 1.000000
-3.000000 -1.000000
0.000000 0.700000 0.000000 1.000000
1.000000 -1.000000
0.600000 0.800000 0.000000 1.000000
1.000000 -3.000000
0.400000 0.800000 0.000000 1.000000
0.000000 -1.000000
0.000000 0.300000 0.200000 1.000000
0.000000 3.000000
0.000000 0.500000 0.000000 0.000000
0.000000 -1.000000
0.000000 0.300000 0.200000 1.000000
1.000000 -1.000000
0.600000 0.800000 0.000000 1.000000
-1.000000 -1.000000
0.600000 0.800000 0.000000 1.000000
0.000000 3.000000
0.000000 0.500000 0.000000 0.000000
0.000000 -1.000000
0.000000 0.300000 0.200000 1.000000
-1.000000 -1.000000
0.600000 0.800000 0.000000 1.000000
-1.000000 -3.000000
0.400000 0.800000 0.000000 1.000000
0.000000 -1.000000
0.000000 0.300000 0.200000 1.000000
1.000000 -3.000000
0.000000 0.800000 0.500000 1.000000
0.000000 -1.000000
0.000000 0.300000 0.200000 1.000000
0.000000 -2.000000
0.000000 0.700000 0.200000 1.000000
-1.000000 -3.000000
0.000000 0.800000 0.500000 1.000000
0.000000 -1.000000
0.000000 0.300000 0.200000 1.000000
0.000000 -2.000000
0.000000 0.700000 0.200000 1.000000
1.000000 0.000000
0.600000 0.800000 0.000000 0.000000
-1.000000 0.000000
0.600000 0.800000 0.000000 0.000000
0.000000 2.000000
1.000000 0.000000 0.000000 1.000000

8

-1.000000 -3.000000
0.000000 0.000000 0.000000 1.000000
-1.000000 -3.000000
0.000000 0.000000 0.000000 1.000000
0.000000 -2.000000
0.000000 0.000000 0.000000 1.000000
1.000000 -3.000000
0.000000 0.000000 0.000000 1.000000
1.000000 -3.000000
0.000000 0.000000 0.000000 1.000000
3.000000 -1.000000
0.000000 0.000000 0.000000 1.000000
0.000000 3.000000
0.000000 0.500000 0.000000 0.000000
-3.000000 -1.000000
0.000000 0.000000 0.000000 1.000000

2.000000
0.000000
1.000000
1.000000
0.000000
