0

18

-1.000000 -1.000000
0.000000 0.400000 0.100000 1.000000
1.000000 0.000000
0.400000 0.400000 0.000000 1.000000
-1.000000 0.000000
0.600000 0.600000 0.000000 1.000000
1.000000 0.000000
0.400000 0.400000 0.000000 1.000000
2.000000 0.000000
0.600000 0.600000 0.000000 1.000000
1.000000 1.000000
0.200000 0.400000 0.000000 1.000000
1.000000 0.000000
0.400000 0.400000 0.000000 1.000000
1.000000 1.000000
0.200000 0.400000 0.000000 1.000000
-1.000000 0.000000
0.200000 0.400000 0.000000 1.000000
-1.000000 0.000000
0.200000 0.400000 0.000000 1.000000
-3.000000 1.000000
0.200000 0.400000 0.000000 1.000000
-1.000000 -1.000000
0.000000 0.400000 0.100000 1.000000
-1.000000 -1.000000
0.000000 0.400000 0.100000 1.000000
-3.000000 1.000000
0.200000 0.400000 0.000000 1.000000
-3.000000 0.000000
0.600000 0.600000 0.000000 1.000000
-1.000000 -2.000000
0.000000 0.000000 0.000000 0.000000
1.000000 -2.000000
0.900000 0.700000 0.000000 0.000000
0.000000 0.000000
0.900000 0.700000 0.000000 1.000000

8

-1.000000 0.000000
0.000000 0.200000 0.000000 1.000000
-3.000000 1.000000
0.000000 0.200000 0.000000 1.000000
-3.000000 0.000000
0.000000 0.200000 0.000000 1.000000
-1.000000 -1.000000
0.000000 0.200000 0.000000 1.000000
0.000000 -2.000000
0.000000 0.200000 0.000000 0.000000
1.000000 0.000000
0.000000 0.200000 0.000000 1.000000
2.000000 0.000000
0.000000 0.200000 0.000000 1.000000
1.000000 1.000000
0.000000 0.200000 0.000000 1.000000

2.000000
4.000000
1.000000
1
0.000000



1

18

-3.000000 0.000000
0.000000 0.400000 0.100000 1.000000
0.000000 0.000000
0.000000 0.200000 0.000000 1.000000
-1.000000 2.000000
0.000000 1.000000 0.000000 1.000000
0.000000 0.000000
0.000000 0.200000 0.000000 1.000000
1.000000 0.000000
0.000000 1.000000 0.000000 1.000000
1.000000 1.000000
0.200000 0.400000 0.000000 1.000000
0.000000 0.000000
0.000000 0.200000 0.000000 1.000000
1.000000 1.000000
0.200000 0.400000 0.000000 1.000000
-1.000000 2.000000
0.200000 0.400000 0.000000 1.000000
-1.000000 2.000000
0.200000 0.400000 0.000000 1.000000
-2.000000 2.000000
0.200000 0.400000 0.000000 1.000000
-3.000000 0.000000
0.000000 0.400000 0.100000 1.000000
-3.000000 0.000000
0.000000 0.400000 0.100000 1.000000
-2.000000 2.000000
0.200000 0.400000 0.000000 1.000000
-3.000000 1.000000
0.000000 1.000000 0.000000 1.000000
-1.000000 -1.000000
0.000000 1.000000 0.000000 1.000000
-1.000000 1.000000
0.000000 0.300000 0.000000 1.000000
-3.000000 0.000000
0.000000 0.300000 0.000000 1.000000

8

-1.000000 2.000000
0.400000 0.900000 0.000000 1.000000
-2.000000 2.000000
0.400000 0.900000 0.000000 1.000000
-3.000000 1.000000
0.400000 0.900000 0.000000 1.000000
-3.000000 0.000000
0.400000 0.900000 0.000000 1.000000
-1.000000 -1.000000
0.000000 0.200000 0.000000 0.000000
0.000000 0.000000
0.000000 0.200000 0.000000 1.000000
1.000000 0.000000
0.400000 0.900000 0.000000 1.000000
1.000000 1.000000
0.400000 0.900000 0.000000 1.000000

2.000000
2.000000
1.000000
1
1.000000











