0

9

3.000000 2.000000
0.600000 0.600000 1.000000 1.000000
0.000000 8.000000
1.000000 1.000000 1.000000 1.000000
2.000000 11.000000
0.600000 0.600000 1.000000 0.000000
0.000000 8.000000
1.000000 1.000000 1.000000 1.000000
-2.000000 11.000000
0.600000 0.600000 1.000000 0.000000
-7.000000 6.000000
0.600000 0.600000 1.000000 1.000000
0.000000 13.000000
0.900000 0.400000 0.900000 0.200000
1.000000 1.000000
1.000000 1.000000 1.000000 1.000000
-1.000000 4.000000
1.000000 1.000000 1.000000 1.000000

6

-3.000000 8.000000
0.500000 0.500000 0.500000 1.000000
0.000000 1.000000
0.200000 0.200000 1.000000 0.000000
3.000000 8.000000
0.500000 0.500000 0.500000 1.000000
2.000000 11.000000
0.500000 0.500000 0.500000 1.000000
0.000000 8.000000
0.500000 0.500000 0.500000 1.000000
-2.000000 11.000000
0.500000 0.500000 0.500000 1.000000

2.000000
6.000000
1.000000
1.000000
4.000000



1.0
9

2.000000 1.000000
0.600000 0.600000 1.000000 1.000000
0.000000 4.000000
1.000000 1.000000 1.000000 1.000000
2.000000 7.000000
0.600000 0.600000 1.000000 0.000000
0.000000 4.000000
1.000000 1.000000 1.000000 1.000000
-2.000000 7.000000
0.600000 0.600000 1.000000 0.000000
-2.000000 1.000000
0.600000 0.600000 1.000000 1.000000
0.000000 9.000000
0.900000 0.400000 0.900000 0.200000
1.000000 0.000000
1.000000 1.000000 1.000000 1.000000
-1.000000 0.000000
1.000000 1.000000 1.000000 1.000000

6

-1.000000 2.000000
0.500000 0.500000 0.500000 1.000000
0.000000 -1.000000
0.200000 0.200000 1.000000 0.000000
1.000000 2.000000
0.500000 0.500000 0.500000 1.000000
2.000000 7.000000
0.500000 0.500000 0.500000 1.000000
0.000000 4.000000
0.500000 0.500000 0.500000 1.000000
-2.000000 7.000000
0.500000 0.500000 0.500000 1.000000

2.000000
4.000000
1.000000
1.000000
0.000000
