0

9

0.200000 -0.400000
1.000000 1.000000 0.000000 1.000000
0.000000 -0.300000
1.000000 1.000000 0.000000 1.000000
0.300000 0.300000
0.000000 0.000000 1.000000 1.000000
0.000000 -0.300000
1.000000 1.000000 0.000000 1.000000
-0.300000 0.300000
0.000000 0.000000 1.000000 1.000000
-0.200000 -0.400000
1.000000 1.000000 0.000000 1.000000
0.000000 -0.300000
1.000000 1.000000 0.000000 1.000000
0.200000 -0.400000
1.000000 1.000000 0.000000 0.000000
-0.200000 -0.400000
1.000000 1.000000 0.000000 0.000000

4

-0.300000 0.300000
1.000000 1.000000 0.000000 1.000000
0.000000 -0.300000
0.000000 0.000000 1.000000 1.000000
0.300000 0.300000
1.000000 1.000000 0.000000 1.000000
0.000000 0.100000
0.000000 0.000000 1.000000 1.000000

2.000000
0.000000
1.000000
1.000000
0.000000







0.05

9

1.000000 0.000000
1.000000 1.000000 0.000000 1.000000
0.000000 -1.000000
1.000000 1.000000 0.000000 1.000000
1.000000 1.000000
0.000000 0.000000 1.000000 1.000000
0.000000 -1.000000
1.000000 1.000000 0.000000 1.000000
-1.000000 1.000000
0.000000 0.000000 1.000000 1.000000
-1.000000 0.000000
1.000000 1.000000 0.000000 1.000000
0.000000 -1.000000
1.000000 1.000000 0.000000 1.000000
1.000000 0.000000
1.000000 1.000000 0.000000 0.000000
-1.000000 0.000000
1.000000 1.000000 0.000000 0.000000

4

-1.000000 1.000000
1.000000 1.000000 0.000000 1.000000
0.000000 -1.000000
0.000000 0.000000 1.000000 1.000000
1.000000 1.000000
1.000000 1.000000 0.000000 1.000000
0.000000 1.000000
0.000000 0.000000 1.000000 1.000000

2.000000
0.000000
1.000000
1.000000
0.000000


0.9

9

3.000000 0.000000
1.000000 1.000000 0.000000 1.000000
1.000000 -1.000000
1.000000 1.000000 0.000000 1.000000
1.000000 1.000000
0.000000 0.000000 1.000000 1.000000
-1.000000 -1.000000
1.000000 1.000000 0.000000 1.000000
-1.000000 1.000000
0.000000 0.000000 1.000000 1.000000
-3.000000 0.000000
1.000000 1.000000 0.000000 1.000000
0.000000 -3.000000
0.000000 0.000000 1.000000 1.000000
2.000000 1.000000
0.000000 0.000000 1.000000 0.000000
-2.000000 1.000000
0.000000 0.000000 1.000000 0.000000

4

-2.000000 1.000000
1.000000 1.000000 0.000000 1.000000
0.000000 -3.000000
1.000000 1.000000 0.000000 1.000000
2.000000 1.000000
1.000000 1.000000 0.000000 1.000000
0.000000 2.000000
0.000000 0.000000 1.000000 0.000000

2.000000
0.000000
1.000000
1.000000
0.000000



1.0

9

2.000000 1.000000
0.500000 1.000000 0.000000 1.000000
0.000000 0.000000
0.000000 0.500000 0.000000 1.000000
0.000000 3.000000
0.000000 0.800000 0.000000 1.000000
0.000000 0.000000
0.000000 0.500000 0.000000 1.000000
-2.000000 2.000000
0.000000 0.800000 0.000000 1.000000
-3.000000 1.000000
0.500000 1.000000 0.000000 1.000000
0.000000 0.000000
0.000000 0.800000 0.000000 1.000000
1.000000 4.000000
0.000000 0.500000 0.000000 1.000000
-3.000000 2.000000
0.000000 0.500000 0.000000 1.000000

4

-3.000000 2.000000
0.500000 1.000000 0.000000 1.000000
0.000000 0.000000
0.500000 1.000000 0.000000 1.000000
2.000000 1.000000
0.000000 0.000000 1.000000 1.000000
0.000000 3.000000
0.000000 0.000000 1.000000 1.000000

2.000000
4.000000
1.000000
1.000000
0.000000





