0

12

0.000000 7.000000
1.000000 0.400000 0.000000 1.000000
-2.000000 -5.000000
0.700000 0.900000 0.000000 1.000000
2.000000 -5.000000
0.700000 0.900000 0.000000 1.000000
6.000000 5.000000
1.000000 0.000000 0.000000 1.000000
3.000000 -4.000000
0.000000 0.000000 1.000000 1.000000
4.000000 -4.000000
0.000000 0.000000 1.000000 1.000000
-6.000000 5.000000
1.000000 0.000000 0.000000 1.000000
-4.000000 -4.000000
0.000000 0.000000 1.000000 1.000000
-3.000000 -4.000000
0.000000 0.000000 1.000000 1.000000
0.000000 4.000000
0.000000 1.000000 0.000000 1.000000
-2.000000 1.000000
0.000000 0.600000 0.000000 1.000000
2.000000 1.000000
0.000000 0.600000 0.000000 1.000000

14

-4.000000 -2.000000
0.000000 0.600000 0.000000 1.000000
-3.000000 2.000000
0.000000 0.600000 0.000000 1.000000
0.000000 7.000000
0.000000 0.600000 0.000000 1.000000
3.000000 2.000000
0.000000 0.600000 0.000000 1.000000
4.000000 -2.000000
0.000000 0.600000 0.000000 1.000000
4.000000 -4.000000
0.000000 0.000000 1.000000 1.000000
3.000000 -4.000000
0.000000 0.000000 1.000000 1.000000
2.000000 -6.000000
0.700000 0.900000 0.000000 1.000000
1.000000 -4.000000
0.000000 0.600000 0.000000 1.000000
0.000000 0.000000
0.000000 0.600000 0.000000 1.000000
-1.000000 -4.000000
0.000000 0.600000 0.000000 1.000000
-2.000000 -6.000000
0.700000 0.900000 0.000000 1.000000
-3.000000 -4.000000
0.000000 0.000000 1.000000 1.000000
-4.000000 -4.000000
0.000000 0.000000 1.000000 1.000000

2.000000
0.000000
1.000000
0.000000
0.000000



0.5

12

0.000000 7.000000
1.000000 0.400000 0.000000 1.000000
-2.000000 -2.000000
0.700000 0.900000 0.000000 1.000000
2.000000 -2.000000
0.700000 0.900000 0.000000 1.000000
2.000000 2.000000
1.000000 1.000000 0.000000 1.000000
3.000000 -4.000000
0.000000 0.000000 1.000000 1.000000
4.000000 -4.000000
0.000000 0.000000 1.000000 1.000000
-2.000000 2.000000
1.000000 1.000000 0.000000 1.000000
-4.000000 -4.000000
0.000000 0.000000 1.000000 1.000000
-3.000000 -4.000000
0.000000 0.000000 1.000000 1.000000
0.000000 3.000000
0.000000 0.000000 0.000000 0.000000
-1.000000 -4.000000
0.000000 0.600000 0.000000 1.000000
1.000000 -4.000000
0.000000 0.600000 0.000000 1.000000

14

-4.000000 -2.000000
0.000000 0.600000 0.000000 1.000000
-3.000000 2.000000
0.000000 0.600000 0.000000 1.000000
0.000000 7.000000
0.000000 0.600000 0.000000 1.000000
3.000000 2.000000
0.000000 0.600000 0.000000 1.000000
4.000000 -2.000000
0.000000 0.600000 0.000000 1.000000
4.000000 -4.000000
0.000000 0.000000 1.000000 1.000000
3.000000 -4.000000
0.000000 0.000000 1.000000 1.000000
2.000000 -2.000000
0.700000 0.900000 0.000000 1.000000
1.000000 -4.000000
0.000000 0.600000 0.000000 1.000000
0.000000 -5.000000
0.000000 0.600000 0.000000 1.000000
-1.000000 -4.000000
0.000000 0.600000 0.000000 1.000000
-2.000000 -2.000000
0.700000 0.900000 0.000000 1.000000
-3.000000 -4.000000
0.000000 0.000000 1.000000 1.000000
-4.000000 -4.000000
0.000000 0.000000 1.000000 1.000000

2.000000
0.000000
1.000000
0.000000
0.000000





1

12

0.000000 9.000000
1.000000 0.400000 0.000000 1.000000
-3.000000 0.000000
0.700000 0.900000 0.000000 1.000000
3.000000 0.000000
0.700000 0.900000 0.000000 1.000000
1.000000 -9.000000
0.000000 0.900000 0.000000 1.000000
3.000000 -4.000000
0.000000 0.000000 1.000000 1.000000
4.000000 -4.000000
0.000000 0.000000 1.000000 1.000000
-1.000000 -9.000000
0.000000 0.900000 0.000000 1.000000
-4.000000 -4.000000
0.000000 0.000000 1.000000 1.000000
-3.000000 -4.000000
0.000000 0.000000 1.000000 1.000000
0.000000 -7.000000
1.000000 1.000000 0.000000 0.900000
-1.000000 -9.000000
0.000000 0.600000 0.000000 1.000000
1.000000 -9.000000
0.000000 0.600000 0.000000 1.000000

14

-4.000000 -2.000000
0.000000 0.600000 0.000000 1.000000
-2.000000 6.000000
0.000000 0.600000 0.000000 1.000000
0.000000 0.000000
0.700000 0.900000 0.000000 1.000000
2.000000 6.000000
0.000000 0.600000 0.000000 1.000000
4.000000 -2.000000
0.000000 0.600000 0.000000 1.000000
4.000000 -4.000000
0.000000 0.000000 1.000000 1.000000
3.000000 -4.000000
0.000000 0.000000 1.000000 1.000000
0.000000 0.000000
0.700000 0.900000 0.000000 1.000000
1.000000 -4.000000
0.000000 0.600000 0.000000 1.000000
0.000000 -5.000000
0.000000 0.600000 0.000000 1.000000
-1.000000 -4.000000
0.000000 0.600000 0.000000 1.000000
0.000000 0.000000
0.700000 0.900000 0.000000 1.000000
-3.000000 -4.000000
0.000000 0.000000 1.000000 1.000000
-4.000000 -4.000000
0.000000 0.000000 1.000000 1.000000

2.000000
0.000000
1.000000
0.000000
0.000000
