0

9

0.500000 -0.300000
0.000000 0.000000 1.000000 1.000000
0.000000 0.500000
0.000000 0.000000 1.000000 1.000000
0.600000 0.000000
1.000000 1.000000 0.000000 1.000000
0.000000 0.500000
0.000000 0.000000 1.000000 1.000000
-0.600000 0.000000
1.000000 1.000000 0.000000 1.000000
-0.500000 -0.300000
0.000000 0.000000 1.000000 1.000000
0.000000 0.000000
1.000000 1.000000 0.000000 1.000000
0.500000 0.500000
1.000000 1.000000 0.000000 0.000000
-0.500000 0.500000
1.000000 1.000000 0.000000 0.000000

4

-0.300000 0.000000
1.000000 1.000000 0.000000 1.000000
0.000000 -0.300000
0.000000 0.000000 1.000000 1.000000
0.300000 0.000000
1.000000 1.000000 0.000000 1.000000
0.000000 0.300000
0.000000 0.000000 1.000000 1.000000

2.000000
0.000000
1.000000
1.000000
0.000000




0.05

9

3.000000 -3.000000
0.000000 0.000000 1.000000 1.000000
0.000000 3.000000
0.000000 0.000000 1.000000 1.000000
3.000000 0.000000
1.000000 1.000000 0.000000 1.000000
0.000000 3.000000
0.000000 0.000000 1.000000 1.000000
-3.000000 0.000000
1.000000 1.000000 0.000000 1.000000
-3.000000 -3.000000
0.000000 0.000000 1.000000 1.000000
0.000000 -3.000000
1.000000 1.000000 0.000000 1.000000
2.000000 -1.000000
1.000000 1.000000 0.000000 0.000000
-2.000000 -1.000000
1.000000 1.000000 0.000000 0.000000

4

-2.000000 0.000000
1.000000 1.000000 0.000000 1.000000
0.000000 -1.000000
0.000000 0.000000 1.000000 1.000000
2.000000 0.000000
1.000000 1.000000 0.000000 1.000000
0.000000 1.000000
0.000000 0.000000 1.000000 1.000000

2.000000
0.000000
1.000000
1.000000
0.000000


0.9

9

3.000000 4.000000
1.000000 1.000000 0.000000 1.000000
1.000000 9.000000
0.000000 0.000000 1.000000 1.000000
3.000000 7.000000
1.000000 1.000000 0.000000 1.000000
1.000000 11.000000
0.000000 0.000000 1.000000 1.000000
-1.000000 8.000000
1.000000 1.000000 0.000000 1.000000
0.000000 6.000000
1.000000 1.000000 0.000000 1.000000
-2.000000 2.000000
1.000000 1.000000 0.000000 1.000000
0.000000 5.000000
1.000000 1.000000 0.000000 0.000000
-1.000000 6.000000
1.000000 1.000000 0.000000 0.000000

4

-2.000000 7.000000
1.000000 1.000000 0.000000 1.000000
1.000000 1.000000
0.000000 0.000000 1.000000 0.000000
2.000000 7.000000
1.000000 1.000000 0.000000 1.000000
0.000000 5.000000
0.000000 0.000000 1.000000 0.000000

2.000000
2.000000
1.000000
1.000000
5.000000



1.0


9

1.000000 0.000000
0.600000 1.000000 1.000000 1.000000
2.000000 10.000000
0.700000 0.600000 0.500000 1.000000
4.000000 6.000000
1.000000 1.000000 1.000000 1.000000
2.000000 10.000000
0.700000 0.600000 0.500000 1.000000
0.000000 7.000000
1.000000 1.000000 1.000000 1.000000
1.000000 0.000000
0.600000 1.000000 1.000000 1.000000
1.000000 -1.000000
1.000000 1.000000 0.000000 1.000000
2.000000 0.000000
1.000000 1.000000 0.000000 0.000000
-1.000000 1.000000
1.000000 1.000000 0.000000 0.000000

4

-1.000000 7.000000
1.000000 1.000000 1.000000 1.000000
1.000000 1.000000
0.000000 0.000000 1.000000 0.000000
2.000000 6.000000
0.500000 1.000000 0.000000 1.000000
2.000000 10.000000
0.000000 0.000000 1.000000 0.000000

2.000000
6.000000
1.000000
1.000000
0.000000





