0

9

3.000000 2.000000
0.500000 0.500000 0.500000 1.000000
4.000000 0.000000
0.500000 0.500000 0.500000 1.000000
1.000000 0.000000
1.000000 0.600000 1.000000 1.000000
-1.000000 0.000000
1.000000 0.600000 1.000000 1.000000
-3.000000 2.000000
0.500000 0.500000 0.500000 1.000000
-4.000000 0.000000
0.500000 0.500000 0.500000 1.000000
0.000000 -1.000000
1.000000 1.000000 1.000000 1.000000
1.000000 -4.000000
0.500000 0.500000 0.500000 1.000000
-1.000000 -4.000000
0.500000 0.500000 0.500000 1.000000

6

-3.000000 1.000000
1.000000 1.000000 1.000000 1.000000
0.000000 -4.000000
0.500000 0.500000 1.000000 1.000000
3.000000 1.000000
1.000000 1.000000 1.000000 1.000000
1.000000 -4.000000
0.500000 0.500000 1.000000 1.000000
0.000000 -1.000000
0.000000 0.000000 0.000000 1.000000
-1.000000 -4.000000
0.500000 0.500000 1.000000 1.000000

2.000000
0.000000
0.700000
0.200000
0.000000



1.0

9

5.000000 4.000000
0.700000 0.700000 0.700000 1.000000
6.000000 2.000000
0.500000 0.500000 0.500000 1.000000
3.000000 2.000000
0.800000 0.600000 1.000000 1.000000
-3.000000 2.000000
0.800000 0.600000 1.000000 1.000000
-5.000000 4.000000
0.700000 0.700000 0.700000 1.000000
-6.000000 2.000000
0.500000 0.500000 0.500000 1.000000
0.000000 -4.000000
0.500000 0.500000 1.000000 1.000000
1.000000 -7.000000
0.500000 0.500000 0.500000 1.000000
-1.000000 -7.000000
0.500000 0.500000 0.500000 1.000000

6

-5.000000 3.000000
1.000000 1.000000 1.000000 1.000000
0.000000 -5.000000
0.500000 0.500000 1.000000 1.000000
5.000000 3.000000
1.000000 1.000000 1.000000 1.000000
1.000000 -7.000000
0.500000 0.500000 1.000000 1.000000
0.000000 -4.000000
0.000000 0.000000 1.000000 1.000000
-1.000000 -7.000000
0.500000 0.500000 1.000000 1.000000

2.000000
6.000000
0.800000
0.500000
4.000000
