0
6

8.000000 8.000000
0.500000 0.000000 0.000000 0.900000
8.000000 -8.000000
0.500000 0.000000 0.000000 0.900000
-8.000000 8.000000
0.500000 0.000000 0.000000 0.900000
8.000000 -8.000000
0.500000 0.000000 0.000000 0.900000
-8.000000 8.000000
0.500000 0.000000 0.000000 0.900000
-8.000000 -8.000000
0.500000 0.000000 0.000000 0.900000

4

8.000000 -8.000000
0.000000 0.000000 0.000000 1.000000
8.000000 8.000000
0.000000 0.000000 0.000000 1.000000
-8.000000 8.000000
0.000000 0.000000 0.000000 1.000000
-8.000000 -8.000000
0.000000 0.000000 0.000000 1.000000

2.000000
0.000000
1.000000
1.000000
0.000000




1
6

4.000000 4.000000
0.500000 0.000000 0.000000 0.100000
4.000000 -4.000000
0.500000 0.000000 0.000000 0.100000
-4.000000 4.000000
0.500000 0.000000 0.000000 0.100000
4.000000 -4.000000
0.500000 0.000000 0.000000 0.100000
-4.000000 4.000000
0.500000 0.000000 0.000000 0.100000
-4.000000 -4.000000
0.500000 0.000000 0.000000 0.100000

4

4.000000 -4.000000
0.500000 0.000000 0.000000 1.000000
4.000000 4.000000
0.500000 0.000000 0.000000 1.000000
-4.000000 4.000000
0.500000 0.000000 0.000000 1.000000
-4.000000 -4.000000
0.500000 0.000000 0.000000 1.000000

2.000000
0.000000
1.000000
1.000000
0.000000