0

9

1.000000 1.000000
0.500000 0.500000 0.500000 1.000000
-1.000000 1.000000
0.500000 0.500000 0.500000 1.000000
0.000000 3.000000
0.500000 0.500000 0.500000 0.000000
0.000000 1.000000
1.000000 1.000000 1.000000 1.000000
0.000000 2.000000
1.000000 1.000000 1.000000 1.000000
-1.000000 0.000000
0.500000 0.500000 0.500000 0.500000
0.000000 2.000000
1.000000 1.000000 1.000000 1.000000
1.000000 0.000000
0.500000 0.500000 0.500000 0.500000
0.000000 1.000000
1.000000 1.000000 1.000000 1.000000

6

-1.000000 0.000000
0.000000 0.000000 0.000000 0.000000
0.000000 1.000000
0.000000 0.000000 0.000000 1.000000
1.000000 0.000000
0.000000 0.000000 0.000000 0.000000
0.000000 3.000000
0.000000 0.400000 1.000000 1.000000
0.000000 4.000000
0.000000 0.000000 0.000000 0.000000
0.000000 3.000000
0.000000 0.400000 1.000000 1.000000

2.000000
5.000000
1.000000
1.000000
2.000000





1

9

2.000000 5.000000
0.500000 0.500000 0.500000 1.000000
-2.000000 5.000000
0.500000 0.500000 0.500000 1.000000
0.000000 10.000000
0.500000 0.500000 0.500000 0.000000
1.000000 4.000000
1.000000 1.000000 1.000000 1.000000
1.000000 7.000000
1.000000 1.000000 1.000000 1.000000
-1.000000 2.000000
0.500000 0.500000 0.500000 0.500000
-1.000000 7.000000
1.000000 1.000000 1.000000 1.000000
1.000000 2.000000
0.500000 0.500000 0.500000 0.500000
-1.000000 4.000000
1.000000 1.000000 1.000000 1.000000

6

-1.000000 5.000000
0.000000 0.000000 0.000000 1.000000
0.000000 3.000000
0.000000 0.000000 0.000000 0.000000
1.000000 5.000000
0.000000 0.000000 0.000000 1.000000
2.000000 5.000000
0.000000 0.000000 0.000000 0.000000
0.000000 10.000000
0.500000 0.700000 0.500000 1.000000
-2.000000 5.000000
0.000000 0.000000 0.000000 0.000000

2.000000
5.000000
1.000000
1.000000
2.000000
