0

9

2.000000 0.000000
0.300000 0.300000 1.000000 1.000000
0.000000 0.000000
0.300000 0.300000 1.000000 1.000000
0.000000 2.000000
0.300000 0.300000 1.000000 0.000000
0.000000 0.000000
0.300000 0.300000 1.000000 1.000000
0.000000 2.000000
0.300000 0.300000 1.000000 0.000000
-2.000000 0.000000
0.300000 0.300000 1.000000 1.000000
0.000000 -3.000000
0.300000 0.300000 1.000000 1.000000
2.000000 0.000000
0.300000 0.300000 1.000000 1.000000
-2.000000 0.000000
0.300000 0.300000 1.000000 1.000000

6

-3.000000 0.000000
0.300000 0.300000 1.000000 1.000000
0.000000 -5.000000
0.300000 0.300000 1.000000 0.000000
3.000000 0.000000
0.300000 0.300000 1.000000 1.000000
2.000000 2.000000
0.300000 0.300000 1.000000 0.000000
0.000000 3.000000
0.300000 0.300000 1.000000 1.000000
-2.000000 2.000000
0.300000 0.300000 1.000000 0.000000

2.000000
0.000000
1.000000
1.000000
0.000000



1

9

4.000000 -1.000000
0.300000 0.300000 1.000000 1.000000
0.000000 -1.000000
0.300000 0.300000 1.000000 1.000000
0.000000 2.000000
0.300000 0.300000 1.000000 0.000000
0.000000 -1.000000
0.300000 0.300000 1.000000 1.000000
0.000000 2.000000
0.300000 0.300000 1.000000 0.000000
-4.000000 -1.000000
0.300000 0.300000 1.000000 1.000000
0.000000 -2.000000
0.300000 0.300000 1.000000 1.000000
4.000000 -1.000000
0.300000 0.300000 1.000000 1.000000
-4.000000 -1.000000
0.300000 0.300000 1.000000 1.000000

6

-4.000000 -1.000000
0.000000 0.800000 1.000000 1.000000
0.000000 -1.000000
1.000000 1.000000 1.000000 1.000000
4.000000 -1.000000
0.000000 0.800000 1.000000 1.000000
2.000000 1.000000
0.300000 0.300000 1.000000 0.000000
0.000000 2.000000
0.000000 0.800000 1.000000 1.000000
-2.000000 1.000000
0.300000 0.300000 1.000000 0.000000

2.000000
0.000000
1.000000
1.000000
0.000000



