0

9

3.000000 -1.000000
1.000000 1.000000 1.000000 1.000000
0.000000 0.000000
0.200000 0.200000 1.000000 1.000000
1.000000 2.000000
1.000000 1.000000 1.000000 1.000000
0.000000 0.000000
0.200000 0.200000 1.000000 1.000000
-1.000000 2.000000
1.000000 1.000000 1.000000 1.000000
-3.000000 -1.000000
1.000000 1.000000 1.000000 1.000000
0.000000 0.000000
0.200000 0.200000 1.000000 1.000000
1.000000 -2.000000
1.000000 1.000000 1.000000 1.000000
-1.000000 -2.000000
1.000000 1.000000 1.000000 1.000000

6

-3.000000 -1.000000
0.500000 0.500000 0.500000 1.000000
0.000000 -3.000000
0.200000 0.200000 1.000000 1.000000
3.000000 -1.000000
0.500000 0.500000 0.500000 1.000000
1.000000 2.000000
0.500000 0.500000 0.500000 1.000000
0.000000 2.000000
0.500000 0.500000 0.500000 1.000000
-1.000000 2.000000
0.500000 0.500000 0.500000 1.000000

2.000000
0.000000
1.000000
0.000000
0.500000





0.5

9

3.000000 -1.000000
0.600000 0.600000 1.000000 1.000000
1.000000 0.000000
0.900000 0.400000 0.900000 1.000000
2.000000 3.000000
0.600000 0.600000 1.000000 1.000000
-1.000000 0.000000
0.900000 0.400000 0.900000 1.000000
-2.000000 3.000000
0.600000 0.600000 1.000000 1.000000
-3.000000 -1.000000
0.600000 0.600000 1.000000 1.000000
0.000000 -1.000000
0.900000 0.400000 0.900000 1.000000
1.000000 -4.000000
1.000000 1.000000 1.000000 0.000000
-1.000000 -4.000000
1.000000 1.000000 1.000000 0.000000

6

-3.000000 -1.000000
0.500000 0.500000 0.500000 1.000000
0.000000 -4.000000
0.200000 0.200000 1.000000 1.000000
3.000000 -1.000000
0.500000 0.500000 0.500000 1.000000
2.000000 3.000000
0.500000 0.500000 0.500000 1.000000
0.000000 2.000000
0.500000 0.500000 0.500000 1.000000
-2.000000 3.000000
0.500000 0.500000 0.500000 1.000000

2.000000
0.000000
0.670000
0.000000
0.250000



1.0
9

3.000000 -2.000000
0.600000 0.600000 1.000000 1.000000
0.000000 0.000000
1.000000 1.000000 1.000000 1.000000
2.000000 3.000000
0.600000 0.600000 1.000000 1.000000
0.000000 0.000000
1.000000 1.000000 1.000000 1.000000
-2.000000 3.000000
0.600000 0.600000 1.000000 1.000000
-3.000000 -2.000000
0.600000 0.600000 1.000000 1.000000
0.000000 4.000000
0.900000 0.400000 0.900000 1.000000
1.000000 -2.000000
0.600000 0.600000 1.000000 1.000000
-1.000000 -2.000000
0.600000 0.600000 1.000000 1.000000

6

-3.000000 -2.000000
0.500000 0.500000 0.500000 1.000000
0.000000 -4.000000
0.200000 0.200000 1.000000 1.000000
3.000000 -2.000000
0.500000 0.500000 0.500000 1.000000
2.000000 3.000000
0.500000 0.500000 0.500000 1.000000
0.000000 4.000000
0.500000 0.500000 0.500000 1.000000
-2.000000 3.000000
0.500000 0.500000 0.500000 1.000000

2.000000
0.000000
0.770000
0.200000
0.125000










