0
9

0.300000 0.300000
1.000000 0.500000 0.000000 0.900000
0.300000 -0.200000
1.000000 1.000000 0.000000 0.900000
0.000000 0.000000
0.400000 0.000000 1.000000 1.000000
-0.300000 -0.200000
1.000000 0.500000 0.000000 1.000000
0.000000 0.000000
0.400000 0.000000 1.000000 1.000000
-0.300000 0.300000
1.000000 1.000000 0.000000 1.000000
0.300000 -0.300000
1.000000 1.000000 0.000000 0.200000
0.000000 0.300000
1.000000 0.000000 0.000000 1.000000
-0.300000 -0.300000
1.000000 1.000000 0.000000 0.200000

6

-0.200000 -0.200000
1.000000 1.000000 1.000000 1.000000
0.000000 -0.100000
1.000000 0.000000 0.000000 1.000000
0.200000 -0.200000
1.000000 1.000000 1.000000 1.000000
0.200000 0.200000
1.000000 1.000000 1.000000 1.000000
0.000000 0.100000
1.000000 0.000000 0.000000 1.000000
-0.200000 0.200000
1.000000 1.000000 1.000000 1.000000

2.000000
0.000000
1.000000
1.000000
0.000000



0.05

9

5.000000 2.000000
1.000000 0.500000 0.000000 0.900000
5.000000 -2.000000
1.000000 1.000000 0.000000 0.900000
0.000000 0.000000
0.400000 0.000000 1.000000 1.000000
-5.000000 -2.000000
1.000000 0.500000 0.000000 1.000000
0.000000 0.000000
0.400000 0.000000 1.000000 1.000000
-5.000000 2.000000
1.000000 1.000000 0.000000 1.000000
3.000000 -2.000000
1.000000 1.000000 0.000000 0.200000
0.000000 3.000000
1.000000 0.000000 0.000000 1.000000
-3.000000 -2.000000
1.000000 1.000000 0.000000 0.200000

6

-4.000000 -1.000000
1.000000 1.000000 1.000000 1.000000
0.000000 1.000000
1.000000 0.000000 0.000000 1.000000
4.000000 -1.000000
1.000000 1.000000 1.000000 1.000000
4.000000 1.000000
1.000000 1.000000 1.000000 1.000000
0.000000 2.000000
1.000000 0.000000 0.000000 1.000000
-4.000000 1.000000
1.000000 1.000000 1.000000 1.000000

2.000000
0.000000
1.000000
1.000000
0.000000




0.9

9

5.000000 3.000000
1.000000 0.000000 0.000000 0.900000
10.000000 -2.000000
1.000000 1.000000 0.000000 0.900000
0.000000 0.000000
0.400000 0.000000 1.000000 1.000000
-5.000000 -3.000000
1.000000 0.000000 0.000000 1.000000
0.000000 0.000000
0.400000 0.000000 1.000000 1.000000
-10.000000 2.000000
1.000000 1.000000 0.000000 1.000000
1.000000 -4.000000
1.000000 1.000000 0.000000 0.200000
0.000000 6.000000
1.000000 0.000000 0.000000 1.000000
-1.000000 -4.000000
1.000000 1.000000 0.000000 0.200000

6

-5.000000 -1.000000
1.000000 1.000000 1.000000 1.000000
0.000000 -2.000000
0.000000 0.000000 1.000000 1.000000
7.000000 -1.000000
1.000000 1.000000 1.000000 1.000000
5.000000 1.000000
1.000000 1.000000 1.000000 1.000000
0.000000 2.000000
0.000000 0.000000 1.000000 1.000000
-7.000000 1.000000
1.000000 1.000000 1.000000 1.000000

2.000000
0.000000
1.000000
1.000000
0.000000



1.0
9

9.000000 3.000000
1.000000 1.000000 0.000000 0.900000
14.000000 -2.000000
1.000000 1.000000 1.000000 1.000000
5.000000 0.000000
0.400000 0.000000 1.000000 1.000000
-9.000000 -3.000000
1.000000 0.000000 0.000000 1.000000
-5.000000 0.000000
0.400000 0.000000 1.000000 1.000000
-14.000000 2.000000
1.000000 1.000000 0.000000 1.000000
11.000000 0.000000
1.000000 1.000000 0.000000 1.000000
14.000000 2.000000
1.000000 0.000000 0.000000 1.000000
0.000000 0.000000
1.000000 1.000000 0.000000 0.000000

6

-9.000000 -3.000000
1.000000 0.500000 0.000000 1.000000
5.000000 0.000000
0.000000 0.000000 1.000000 0.000000
14.000000 -2.000000
1.000000 0.000000 0.000000 1.000000
9.000000 3.000000
1.000000 0.500000 0.000000 1.000000
-5.000000 0.000000
0.000000 0.000000 1.000000 0.000000
-14.000000 2.000000
1.000000 0.000000 0.000000 1.000000

2.000000
6.000000
0.790000
0.450000
0.000000
