0

9

0.600000 0.000000
1.000000 0.000000 0.000000 1.000000
0.100000 -0.500000
0.400000 0.000000 1.000000 1.000000
0.200000 0.300000
1.000000 1.000000 0.000000 1.000000
-0.100000 -0.500000
0.400000 0.000000 1.000000 1.000000
-0.200000 0.300000
1.000000 1.000000 0.000000 1.000000
-0.600000 0.000000
1.000000 0.000000 0.000000 1.000000
0.500000 -0.300000
1.000000 0.500000 0.000000 0.500000
0.000000 0.300000
1.000000 0.500000 0.000000 1.000000
-0.500000 -0.300000
1.000000 0.500000 0.000000 0.500000

6

-0.100000 -0.500000
1.000000 0.000000 0.000000 0.000000
0.000000 -0.200000
1.000000 0.000000 0.000000 1.000000
0.100000 -0.500000
1.000000 0.000000 0.000000 0.000000
0.500000 -0.300000
1.000000 0.000000 0.000000 1.000000
0.000000 0.300000
1.000000 0.000000 0.000000 1.000000
-0.500000 -0.300000
1.000000 0.000000 0.000000 1.000000

2.000000
0.000000
1.000000
1.000000
0.000000




0.05

9

3.000000 0.000000
1.000000 0.000000 0.000000 1.000000
1.000000 -3.000000
0.400000 0.000000 1.000000 1.000000
1.000000 2.000000
1.000000 1.000000 0.000000 1.000000
-1.000000 -3.000000
0.400000 0.000000 1.000000 1.000000
-1.000000 2.000000
1.000000 1.000000 0.000000 1.000000
-3.000000 0.000000
1.000000 0.000000 0.000000 1.000000
1.000000 -2.000000
1.000000 0.500000 0.000000 0.500000
0.000000 2.000000
1.000000 0.500000 0.000000 1.000000
-1.000000 -2.000000
1.000000 0.500000 0.000000 0.500000

6

-1.000000 -3.000000
1.000000 0.000000 0.000000 0.000000
0.000000 -1.000000
1.000000 0.000000 0.000000 1.000000
1.000000 -3.000000
1.000000 0.000000 0.000000 0.000000
1.000000 -2.000000
1.000000 0.000000 0.000000 1.000000
0.000000 2.000000
1.000000 0.000000 0.000000 1.000000
-1.000000 -2.000000
1.000000 0.000000 0.000000 1.000000

2.000000
0.000000
1.000000
1.000000
0.000000




1

9

5.000000 0.000000
1.000000 0.500000 0.000000 0.900000
2.000000 -5.000000
0.400000 0.000000 1.000000 1.000000
0.000000 5.000000
1.000000 1.000000 0.000000 1.000000
-2.000000 -5.000000
0.400000 0.000000 1.000000 1.000000
0.000000 5.000000
1.000000 1.000000 0.000000 1.000000
-5.000000 0.000000
1.000000 0.500000 0.000000 1.000000
3.000000 -1.000000
1.000000 1.000000 0.000000 0.200000
0.000000 2.000000
1.000000 0.000000 0.000000 1.000000
-3.000000 -1.000000
1.000000 1.000000 0.000000 0.200000

6

-2.000000 -5.000000
1.000000 0.000000 0.000000 1.000000
0.000000 5.000000
1.000000 0.000000 0.000000 1.000000
2.000000 -5.000000
1.000000 0.000000 0.000000 1.000000
5.000000 0.000000
1.000000 0.500000 0.000000 0.900000
0.000000 5.000000
1.000000 0.000000 0.000000 1.000000
-5.000000 0.000000
1.000000 0.000000 0.000000 1.000000

2.000000
0.000000
1.000000
1.000000
0.000000
