0

9

0 0
1 0 0 1

-.05 .05 
1 0 0 1

.05 .05
1 0 0 1



0 .1
1 0 0 1

.05 .05
1 0 0 1

-.05 .05
1 0 0 1


-.13 .06
1 0 0 1

-.1 .13
1 0 0 1

-.07 .06
1 0 0 1





4

0 0
0 1 0 1

-.05 .05
1 0 0 1

0 .1
1 0 0 1

.05 .05
1 0 0 1




2 

1

1

1

5






0.1

9

0 0
0 1 0 1

-.25 .25 
0 0 1 .25


.25 .25
0 0 1 1



0 .5
0 0 1 0

.25 .25
0 0 1 1

-.25 .25
0 0 1 .25


-.65 .3
1 0 0 0

-.5 .65
1 0 0 0

-.35 .3
1 0 0 0





4

0 0
0 1 0 1

-.25 .25
0 0 1 .25

0 .5
0 0 1 0

.25 .25
1 0 0 1




2 

1

1

1

5








1

9

0 0
1 1 0 1

-.5 .65 
0 .5 1 .25


-.5 1
0 .5 1 1



-1 0
0 .5 1 0

-.5 1
0 .5 1 1

-.5 .65
0 .5 1 .25


-.65 .3
1 0 0 0

-.5 .65
1 0 0 1

-.35 .3
1 0 0 0





4

0 0
1 1 0 1

-.5 .65
0 .5 1 .25

-1 0
0 .5 1 0

-.5 1
1 0 0 1




2 

3

1

1

1


















