0

12

1 -6
1 .5 0 1

0 -5 
1 .5 0 1

-4 -7
1 0 0 1


0 -5
1 .5 0 1

2 -2
1 .75 0 1

2 1
1 1 0 1


-2 -6
1 0 0 1

0 -5
1 .5 0 1

1 -2
1 .75 0 1


-2 -6
1 .5 0 1

1 -2
1 .75 0 1

-3 -6
1 .5 0 1



8

1 -6
1 0 0 1

0 -5
1 0 0 1

2 -2
1 0 0 1

2 1
1 0 0 1

1 -2
1 0 0 1

-3 -6
1 0 0 1

-2 -6
1 0 0 1

-4 -7
1 0 0 1




2 

5

1

1

0








1.0

12

-1 -6
1 1 0 .75

1 -4 
1 1 0 .75

-3 -6
1 1 0 .75


1 -4
1 1 0 .75

1 -1
1 1 0 .75

0 2
1 1 0 .75


-1 -5
1 1 0 .75

1 -4
1 1 0 .75

0 2
1 1 0 .75


-1 -5
1 1 0 .75

0 2
1 1 0 .75

-1 -2
1 1 0 .75



8

-1 -6
1 1 1 0

1 -4
1 1 1 .25

1 -1
1 1 1 .75

0 2
1 1 1 1

0 2
1 1 1 1

-1 -2
1 1 1 .75

-1 -5
1 1 1 .25

-3 -6
1 1 1 0




2 

2

1

1

1




