0

9

0 1
1 0 0 1

.25 0
1 0 0 0

-.25 0
1 0 0 0


.5 0
.5 .5 1 0

0 -.5
.5 .5 1 1

0 0
.5 .5 1 0 


-.5 0
.5 .5 1 0

0 0
.5 .5 1 0

0 -.5
.5 .5 1 1


6

0 1
1 0 0 1

.25 0
1 1 0 1

.5 0
1 1 0 1

0 -.5
.5 .5 1 1

-.5 0
1 1 0 1

-.25 0
1 1 0 1

2

0

1

1

0








0.5

9

0 1
1 0 0 0

.25 0
1 0 0 0

-.25 0
1 0 0 0


.25 0
1 0 0 0

.5 -.5
1 0 0 0

0 0
1 0 0 0


-.25 0
1 0 0 0

0 0
1 0 0 0

-.5 -.5
1 0 0 0


6

0 1
1 1 0 1

.25 0
1 1 0 1

.5 -.5
1 1 0 1

0 0
1 1 0 1

-.5 -.5
1 1 0 1

-.25 0
1 1 0 1

2

0

1

1

0






1

9

0 1
.5 .5 1 1

.25 0
.5 .5 1 0

-.25 0
.5 .5 1 0


.25 0
1 0 0 0

.125 -.5
1 0 0 1

0 0
1 0 0 0


-.25 0
1 0 0 0

0 0
1 0 0 0

-.125 -.5
1 0 0 1


6

0 1
.5 .5 1 1

.25 0
1 1 0 1

.125 -.5
1 0 0 1

0 0
1 1 0 1

-.125 -.5
1 0 0 1

-.25 0
1 1 0 1

2

0

1

1

0




