0
6

0.500000 0.500000
1.000000 1.000000 1.000000 0.900000
0.500000 -0.500000
1.000000 1.000000 1.000000 0.900000
-0.500000 0.500000
1.000000 1.000000 1.000000 0.900000
0.500000 -0.500000
1.000000 1.000000 1.000000 0.900000
-0.500000 0.500000
1.000000 1.000000 1.000000 0.900000
-0.500000 -0.500000
1.000000 1.000000 1.000000 0.900000

4

0.500000 -0.500000
1.000000 1.000000 1.000000 1.000000
0.500000 0.500000
1.000000 1.000000 1.000000 1.000000
-0.500000 0.500000
1.000000 1.000000 1.000000 1.000000
-0.500000 -0.500000
1.000000 1.000000 1.000000 1.000000

1.000000
0.000000
1.000000
1.000000
0.000000




1
6

0.500000 0.500000
1.000000 1.000000 1.000000 0.100000
0.500000 -0.500000
1.000000 1.000000 1.000000 0.100000
-0.500000 0.500000
1.000000 1.000000 1.000000 0.100000
0.500000 -0.500000
1.000000 1.000000 1.000000 0.100000
-0.500000 0.500000
1.000000 1.000000 1.000000 0.100000
-0.500000 -0.500000
1.000000 1.000000 1.000000 0.100000

4

0.500000 -0.500000
1.000000 1.000000 1.000000 1.000000
0.500000 0.500000
1.000000 1.000000 1.000000 1.000000
-0.500000 0.500000
1.000000 1.000000 1.000000 1.000000
-0.500000 -0.500000
1.000000 1.000000 1.000000 1.000000

1.000000
0.000000
1.000000
1.000000
0.000000
