0
9

15.000000 -1.000000
1.000000 1.000000 1.000000 0.600000
17.000000 -5.000000
0.000000 0.000000 0.000000 0.600000
14.000000 -7.000000
0.000000 0.000000 0.000000 0.300000
14.000000 -5.000000
1.000000 1.000000 1.000000 0.600000
10.000000 -10.000000
0.000000 0.000000 0.000000 0.300000
13.000000 -1.000000
0.000000 0.000000 0.000000 0.300000
7.000000 0.000000
0.000000 0.000000 0.000000 1.000000
10.000000 -4.000000
0.000000 0.000000 0.000000 0.300000
13.000000 1.000000
0.000000 0.000000 0.000000 0.300000

6

16.000000 -8.000000
0.000000 0.000000 0.000000 1.000000
18.000000 -2.000000
0.000000 0.000000 0.000000 1.000000
14.000000 1.000000
0.000000 0.000000 0.000000 1.000000
16.000000 4.000000
0.000000 0.000000 0.000000 1.000000
14.000000 8.000000
0.000000 0.000000 0.000000 0.000000
11.000000 -3.000000
0.000000 0.000000 0.000000 0.000000

2.000000
4.000000
1.000000
1.000000
2.000000





1

9

16.000000 -1.000000
1.000000 1.000000 1.000000 0.600000
18.000000 -5.000000
0.000000 0.000000 0.000000 0.600000
16.000000 -4.000000
0.000000 0.000000 0.000000 0.300000
15.000000 -5.000000
1.000000 1.000000 1.000000 0.600000
13.000000 -3.000000
0.000000 0.000000 0.000000 0.300000
14.000000 -1.000000
0.000000 0.000000 0.000000 0.300000
11.000000 2.000000
0.000000 0.000000 0.000000 1.000000
12.000000 0.000000
0.000000 0.000000 0.000000 0.300000
14.000000 1.000000
0.000000 0.000000 0.000000 0.300000

6

17.000000 -8.000000
0.000000 0.000000 0.000000 1.000000
19.000000 -2.000000
0.000000 0.000000 0.000000 1.000000
15.000000 1.000000
0.000000 0.000000 0.000000 1.000000
17.000000 4.000000
0.000000 0.000000 0.000000 1.000000
1.000000 0.000000
0.000000 0.000000 0.000000 0.000000
12.000000 -3.000000
0.000000 0.000000 0.000000 0.000000

2.000000
7.000000
1.000000
1.000000
1.000000
