0

9

1.000000 2.000000
1.000000 1.000000 1.000000 1.000000
2.000000 -1.000000
1.000000 1.000000 1.000000 1.000000
0.000000 1.000000
1.000000 1.000000 1.000000 0.000000
-2.000000 -1.000000
1.000000 1.000000 1.000000 1.000000
0.000000 1.000000
1.000000 1.000000 1.000000 0.000000
-1.000000 2.000000
1.000000 1.000000 1.000000 1.000000
0.000000 1.000000
1.000000 1.000000 1.000000 1.000000
2.000000 -1.000000
1.000000 1.000000 1.000000 0.000000
-2.000000 -1.000000
1.000000 1.000000 1.000000 0.000000

6

-2.000000 -1.000000
1.000000 1.000000 0.000000 1.000000
0.000000 -2.000000
1.000000 1.000000 0.000000 1.000000
2.000000 -1.000000
1.000000 1.000000 0.000000 1.000000
1.000000 2.000000
1.000000 1.000000 0.000000 1.000000
0.000000 1.000000
1.000000 1.000000 0.000000 1.000000
-1.000000 2.000000
1.000000 1.000000 0.000000 1.000000

2.000000
0.000000
1.000000
1.000000
0.000000



1
9

2.000000 2.000000
1.000000 1.000000 1.000000 1.000000
2.000000 -2.000000
1.000000 1.000000 1.000000 1.000000
0.000000 2.000000
1.000000 1.000000 1.000000 0.000000
-2.000000 -2.000000
1.000000 1.000000 1.000000 1.000000
0.000000 2.000000
1.000000 1.000000 1.000000 0.000000
-2.000000 2.000000
1.000000 1.000000 1.000000 1.000000
0.000000 2.000000
1.000000 1.000000 1.000000 1.000000
2.000000 -2.000000
1.000000 1.000000 1.000000 0.000000
-2.000000 -2.000000
1.000000 1.000000 1.000000 0.000000

6

-2.000000 -2.000000
1.000000 0.000000 0.000000 1.000000
0.000000 -2.000000
1.000000 0.000000 0.000000 1.000000
2.000000 -2.000000
1.000000 0.000000 0.000000 1.000000
2.000000 2.000000
1.000000 0.000000 0.000000 1.000000
0.000000 2.000000
1.000000 0.000000 0.000000 1.000000
-2.000000 2.000000
1.000000 0.000000 0.000000 1.000000

2.000000
0.000000
1.000000
1.000000
0.000000
