0

9

4.000000 2.000000
1.000000 1.000000 1.000000 1.000000
3.000000 0.000000
1.000000 1.000000 1.000000 1.000000
2.000000 2.000000
1.000000 1.000000 1.000000 0.000000
1.000000 0.000000
1.000000 1.000000 1.000000 1.000000
2.000000 2.000000
1.000000 1.000000 1.000000 0.000000
0.000000 2.000000
1.000000 1.000000 1.000000 1.000000
2.000000 0.000000
1.000000 1.000000 1.000000 1.000000
3.000000 3.000000
1.000000 1.000000 1.000000 1.000000
1.000000 3.000000
1.000000 1.000000 1.000000 1.000000

6

1.000000 0.000000
1.000000 1.000000 1.000000 0.000000
2.000000 -1.000000
1.000000 1.000000 1.000000 0.000000
3.000000 0.000000
1.000000 1.000000 1.000000 0.000000
4.000000 2.000000
1.000000 1.000000 1.000000 0.000000
2.000000 1.000000
1.000000 1.000000 1.000000 0.000000
1.000000 2.000000
1.000000 1.000000 1.000000 0.000000

2.000000
4.000000
1.000000
1.000000
0.000000




1
9

1.000000 1.000000
1.000000 1.000000 1.000000 1.000000
0.000000 -1.000000
1.000000 1.000000 1.000000 1.000000
-1.000000 0.000000
1.000000 1.000000 1.000000 0.000000
-2.000000 -2.000000
1.000000 1.000000 1.000000 1.000000
-1.000000 0.000000
1.000000 1.000000 1.000000 0.000000
-3.000000 1.000000
1.000000 1.000000 1.000000 1.000000
-1.000000 -1.000000
1.000000 1.000000 1.000000 1.000000
0.000000 0.000000
1.000000 1.000000 1.000000 1.000000
-2.000000 0.000000
1.000000 1.000000 1.000000 1.000000

6

-2.000000 -2.000000
1.000000 1.000000 1.000000 0.000000
-1.000000 -3.000000
1.000000 1.000000 1.000000 0.000000
0.000000 -2.000000
1.000000 1.000000 1.000000 0.000000
1.000000 0.000000
1.000000 1.000000 1.000000 0.000000
-1.000000 -1.000000
1.000000 1.000000 1.000000 0.000000
-2.000000 0.000000
1.000000 1.000000 1.000000 0.000000

2.000000
4.000000
1.000000
1.000000
0.000000










