0

18

0.000000 1.000000
0.600000 0.000000 0.000000 1.000000
2.000000 1.000000
0.600000 0.000000 0.000000 1.000000
1.000000 6.000000
0.900000 0.700000 0.000000 1.000000
2.000000 1.000000
0.600000 0.000000 0.000000 1.000000
3.000000 6.000000
0.900000 0.700000 0.000000 1.000000
2.000000 5.000000
0.800000 0.400000 0.000000 1.000000
2.000000 1.000000
0.600000 0.000000 0.000000 1.000000
2.000000 5.000000
0.800000 0.400000 0.000000 1.000000
1.000000 6.000000
0.800000 0.400000 0.000000 1.000000
1.000000 6.000000
0.800000 0.400000 0.000000 1.000000
0.000000 5.000000
0.800000 0.400000 0.000000 1.000000
0.000000 1.000000
0.600000 0.000000 0.000000 1.000000
0.000000 1.000000
0.600000 0.000000 0.000000 1.000000
0.000000 5.000000
0.800000 0.400000 0.000000 1.000000
-1.000000 6.000000
0.900000 0.700000 0.000000 1.000000
0.000000 0.000000
0.000000 0.000000 0.000000 1.000000
2.000000 0.000000
0.900000 0.700000 0.000000 1.000000
1.000000 2.000000
0.900000 0.700000 0.000000 1.000000

8

1.000000 5.000000
0.900000 0.700000 0.000000 1.000000
-1.000000 6.000000
0.900000 0.700000 0.000000 1.000000
0.000000 0.000000
0.900000 0.700000 0.000000 0.000000
2.000000 3.000000
0.900000 0.700000 0.000000 1.000000
0.000000 -1.000000
0.900000 0.700000 0.000000 1.000000
1.000000 2.000000
0.900000 0.700000 0.000000 1.000000
2.000000 0.000000
0.900000 0.700000 0.000000 0.000000
3.000000 6.000000
0.900000 0.700000 0.000000 1.000000

2.000000
11.000000
0.970000
2.150000
2.000000



1.0

18

-1.000000 -1.000000
0.000000 0.400000 0.100000 1.000000
1.000000 0.000000
0.400000 0.400000 0.000000 1.000000
-1.000000 0.000000
0.600000 0.600000 0.000000 1.000000
1.000000 0.000000
0.400000 0.400000 0.000000 1.000000
2.000000 0.000000
0.600000 0.600000 0.000000 1.000000
1.000000 1.000000
0.200000 0.400000 0.000000 1.000000
1.000000 0.000000
0.400000 0.400000 0.000000 1.000000
1.000000 1.000000
0.200000 0.400000 0.000000 1.000000
-1.000000 0.000000
0.200000 0.400000 0.000000 1.000000
-1.000000 0.000000
0.200000 0.400000 0.000000 1.000000
-3.000000 1.000000
0.200000 0.400000 0.000000 1.000000
-1.000000 -1.000000
0.000000 0.400000 0.100000 1.000000
-1.000000 -1.000000
0.000000 0.400000 0.100000 1.000000
-3.000000 1.000000
0.200000 0.400000 0.000000 1.000000
-3.000000 0.000000
0.600000 0.600000 0.000000 1.000000
-1.000000 -2.000000
0.000000 0.000000 0.000000 0.000000
1.000000 -2.000000
0.900000 0.700000 0.000000 0.000000
0.000000 0.000000
0.900000 0.700000 0.000000 1.000000

8

-1.000000 0.000000
0.000000 0.200000 0.000000 1.000000
-3.000000 1.000000
0.000000 0.200000 0.000000 1.000000
-3.000000 0.000000
0.000000 0.200000 0.000000 1.000000
-1.000000 -1.000000
0.000000 0.200000 0.000000 1.000000
0.000000 -2.000000
0.000000 0.200000 0.000000 0.000000
1.000000 0.000000
0.000000 0.200000 0.000000 1.000000
2.000000 0.000000
0.000000 0.200000 0.000000 1.000000
1.000000 1.000000
0.000000 0.200000 0.000000 1.000000

2.000000
4.000000
1.000000
1
0.000000
