0

12

0.000000 0.700000
0.000000 0.000000 0.000000 0.000000
0.800000 -0.400000
0.000000 0.000000 0.000000 0.000000
0.000000 -0.000000
0.000000 0.000000 0.000000 1.000000
-0.000000 -0.300000
0.000000 0.000000 0.000000 1.000000
0.000000 -0.000000
0.000000 0.000000 0.000000 1.000000
-0.800000 -0.400000
0.000000 0.000000 0.000000 0.000000
0.000000 -0.000000
0.000000 0.000000 0.000000 1.000000
0.000000 0.700000
0.000000 0.000000 0.000000 0.000000
-0.800000 -0.400000
0.000000 0.000000 0.000000 0.000000
0.800000 -0.400000
0.000000 0.000000 0.000000 0.000000
-0.000000 -0.300000
0.000000 0.000000 0.000000 1.000000
0.000000 -0.000000
0.000000 0.000000 0.000000 1.000000

6

-0.300000 -0.400000
1.000000 0.000000 0.000000 0.000000
0.000000 -0.600000
0.000000 0.000000 0.000000 0.000000
0.300000 -0.400000
1.000000 0.000000 0.000000 0.000000
0.800000 -0.400000
1.000000 1.000000 0.000000 0.000000
0.000000 0.700000
1.000000 1.000000 1.000000 0.000000
-0.800000 -0.400000
1.000000 1.000000 0.000000 0.000000

2.000000
0.000000
1.000000
1.000000
0.000000



0.05

12

0.000000 2.400000
1.000000 1.000000 1.000000 1.000000
4.000000 0.400000
0.000000 0.000000 0.000000 0.000000
0.000000 1.400000
0.000000 0.000000 0.000000 1.000000
-0.000000 -2.600000
0.000000 0.000000 0.000000 0.200000
0.000000 1.400000
0.000000 0.000000 0.000000 1.000000
-4.000000 0.400000
0.000000 0.000000 0.000000 0.000000
0.000000 1.400000
0.000000 0.000000 0.000000 1.000000
0.000000 2.400000
1.000000 1.000000 1.000000 1.000000
-4.000000 0.400000
0.000000 0.000000 0.000000 0.000000
4.000000 0.400000
0.000000 0.000000 0.000000 0.000000
-0.000000 -2.600000
0.000000 0.000000 0.000000 0.200000
0.000000 1.400000
0.000000 0.000000 0.000000 1.000000

6

-0.500000 -3.600000
1.000000 0.000000 0.000000 0.000000
-0.000000 -2.600000
0.000000 0.000000 0.000000 0.000000
0.500000 -3.600000
1.000000 0.000000 0.000000 0.000000
2.000000 -1.600000
1.000000 1.000000 0.000000 0.000000
0.000000 1.400000
1.000000 1.000000 1.000000 0.000000
-2.000000 -1.600000
1.000000 1.000000 0.000000 0.000000

2.000000
0.000000
1.000000
1.000000
0.000000



0.9

12

3.000000 8.400000
1.000000 1.000000 1.000000 0.000000
7.000000 5.400000
0.000000 0.000000 0.000000 0.000000
3.000000 6.400000
0.000000 0.000000 0.000000 1.000000
3.000000 2.400000
0.000000 0.000000 0.000000 0.200000
3.000000 6.400000
0.000000 0.000000 0.000000 1.000000
-1.000000 5.400000
0.000000 0.000000 0.000000 0.000000
3.000000 6.400000
0.000000 0.000000 0.000000 1.000000
3.000000 8.400000
1.000000 1.000000 1.000000 0.000000
-1.000000 5.400000
0.000000 0.000000 0.000000 0.000000
7.000000 5.400000
0.000000 0.000000 0.000000 0.000000
3.000000 2.400000
0.000000 0.000000 0.000000 0.200000
3.000000 6.400000
0.000000 0.000000 0.000000 1.000000

6

2.500000 1.400000
1.000000 0.000000 0.000000 0.000000
3.000000 2.400000
0.000000 0.000000 0.000000 0.000000
3.500000 1.400000
1.000000 0.000000 0.000000 0.000000
5.000000 3.400000
1.000000 1.000000 0.000000 0.000000
3.000000 6.400000
1.000000 1.000000 1.000000 0.000000
1.000000 3.400000
1.000000 1.000000 0.000000 0.000000

2.000000
8.000000
0.900000
3.200000
1.000000





1

12

3.000000 11.400000
1.000000 1.000000 1.000000 0.000000
7.000000 8.400000
0.000000 0.000000 0.000000 0.000000
4.000000 7.400000
0.000000 0.000000 0.000000 1.000000
2.000000 5.400000
0.000000 0.000000 0.000000 0.200000
2.000000 11.400000
0.000000 0.000000 0.000000 1.000000
-1.000000 8.400000
0.000000 0.000000 0.000000 0.000000
3.000000 9.400000
0.000000 0.000000 0.000000 1.000000
3.000000 11.400000
1.000000 1.000000 1.000000 0.000000
-1.000000 8.400000
0.000000 0.000000 0.000000 0.000000
7.000000 8.400000
0.000000 0.000000 0.000000 0.000000
3.000000 5.400000
0.000000 0.000000 0.000000 0.200000
3.000000 8.400000
0.000000 0.000000 0.000000 1.000000

6

0.500000 3.400000
1.000000 0.000000 0.000000 1.000000
4.000000 8.400000
0.000000 0.000000 0.000000 0.000000
4.500000 6.400000
1.000000 0.000000 0.000000 0.000000
7.000000 8.400000
1.000000 1.000000 0.000000 0.000000
2.000000 11.400000
1.000000 1.000000 1.000000 0.000000
1.000000 6.400000
1.000000 1.000000 0.000000 0.000000

2.000000
8.000000
0.900000
3.200000
1.000000
